3087
3182
850
2627
3164
733
860
3070
3160
930
2707
3082
2718
2599
735
617
631
603
3062
618
3071
703
3085
1205
620
2699
3177
2653
630
797
626
972
710
3158
625
2692
846
1112
611
2691
776
715
3100
3081
1057
688
2628
2625
3178
875
629
3162
610
3159
3084
613
1060
814
2687
593
2654
607
627
2676
940
3088
601
596
895
608
3077
1053
3166
712
3183
622
585
677
2669
996
3095
3066
2675
3083
589
1077
1117
621
864
1124
2618
2697
2708
926
745
955
592
586
2693
2605
2700
2655
3105
1070
839
1048
824
3163
600
614
2685
3072
609
619
1173
597
3155
1134
902
2607
623
654
615
869
810
2663
915
705
612
809
591
1185
1079
684
803
1122
2680
1106
2678
2704
632
2703
595
2719
878
1046
3091
3165
801
3179
3167
3073
876
881
866
2624
3161
2695
3064
3065
1086
599
3116
594
1153
842
2694
2613
782
604
1073
783
897
605
861
778
590
961
598
833
740
3171
3174
616
992
584
2677
948
628
606
2701
3157
587
664
882
3097
602
1181
1175
588
691
2647
2619
2608
954
1074
3175
3079
1047
1139
3168
2714
920
1168
2689
624